ancf3443_mesh 1
# airless tire (ANCF3443)
# diameter=0.5 rim_radius=0.15 width=0.2
# spokes=40 div_ring_per_spoke=3 div_spoke_len=3 div_width=3
# t_ring=0.02 t_spoke=0.005
# nodes=1120 elements=720 constraints=160

nodes 1120
# id family x0 xu xv xw y0 yu yv yw z0 zu zv zw
0 R 0 1 0 0 -0.10000000000000001 0 1 0 0.25 -0 0 1
1 R 0.013083989060735957 0.99862953475457383 0 0.052335956242943828 -0.10000000000000001 0 1 0 0.24965738368864346 -0.052335956242943828 0 0.99862953475457383
2 R 0.026132115816913364 0.99452189536827329 0 0.10452846326765346 -0.10000000000000001 0 1 0 0.24863047384206832 -0.10452846326765346 0 0.99452189536827329
3 R 0.039108616260057717 0.98768834059513777 0 0.15643446504023087 -0.10000000000000001 0 1 0 0.24692208514878444 -0.15643446504023087 0 0.98768834059513777
4 R 0.051977922704439829 0.97814760073380569 0 0.20791169081775931 -0.10000000000000001 0 1 0 0.24453690018345142 -0.20791169081775931 0 0.97814760073380569
5 R 0.064704761275630185 0.96592582628906831 0 0.25881904510252074 -0.10000000000000001 0 1 0 0.24148145657226708 -0.25881904510252074 0 0.96592582628906831
6 R 0.077254248593736849 0.95105651629515353 0 0.3090169943749474 -0.10000000000000001 0 1 0 0.23776412907378838 -0.3090169943749474 0 0.95105651629515353
7 R 0.089591987386325053 0.93358042649720174 0 0.35836794954530021 -0.10000000000000001 0 1 0 0.23339510662430044 -0.35836794954530021 0 0.93358042649720174
8 R 0.10168416076895004 0.91354545764260087 0 0.40673664307580015 -0.10000000000000001 0 1 0 0.22838636441065022 -0.40673664307580015 0 0.91354545764260087
9 R 0.11349762493488669 0.8910065241883679 0 0.45399049973954675 -0.10000000000000001 0 1 0 0.22275163104709197 -0.45399049973954675 0 0.8910065241883679
10 R 0.12499999999999999 0.86602540378443871 0 0.49999999999999994 -0.10000000000000001 0 1 0 0.21650635094610968 -0.49999999999999994 0 0.86602540378443871
11 R 0.13615975875375674 0.83867056794542405 0 0.54463903501502697 -0.10000000000000001 0 1 0 0.20966764198635601 -0.54463903501502697 0 0.83867056794542405
12 R 0.14694631307311828 0.80901699437494745 0 0.58778525229247314 -0.10000000000000001 0 1 0 0.20225424859373686 -0.58778525229247314 0 0.80901699437494745
13 R 0.15733009776245935 0.7771459614569709 0 0.62932039104983739 -0.10000000000000001 0 1 0 0.19428649036424273 -0.62932039104983739 0 0.7771459614569709
14 R 0.16728265158971453 0.74314482547739436 0 0.66913060635885813 -0.10000000000000001 0 1 0 0.18578620636934859 -0.66913060635885813 0 0.74314482547739436
15 R 0.17677669529663687 0.70710678118654757 0 0.70710678118654746 -0.10000000000000001 0 1 0 0.17677669529663689 -0.70710678118654746 0 0.70710678118654757
16 R 0.18578620636934853 0.66913060635885824 0 0.74314482547739413 -0.10000000000000001 0 1 0 0.16728265158971456 -0.74314482547739413 0 0.66913060635885824
17 R 0.1942864903642427 0.6293203910498375 0 0.77714596145697079 -0.10000000000000001 0 1 0 0.15733009776245938 -0.77714596145697079 0 0.6293203910498375
18 R 0.20225424859373686 0.58778525229247314 0 0.80901699437494745 -0.10000000000000001 0 1 0 0.14694631307311828 -0.80901699437494745 0 0.58778525229247314
19 R 0.20966764198635598 0.5446390350150272 0 0.83867056794542394 -0.10000000000000001 0 1 0 0.1361597587537568 -0.83867056794542394 0 0.5446390350150272
20 R 0.21650635094610965 0.50000000000000011 0 0.8660254037844386 -0.10000000000000001 0 1 0 0.12500000000000003 -0.8660254037844386 0 0.50000000000000011
21 R 0.22275163104709195 0.4539904997395468 0 0.89100652418836779 -0.10000000000000001 0 1 0 0.1134976249348867 -0.89100652418836779 0 0.4539904997395468
22 R 0.22838636441065022 0.40673664307580037 0 0.91354545764260087 -0.10000000000000001 0 1 0 0.10168416076895009 -0.91354545764260087 0 0.40673664307580037
23 R 0.23339510662430044 0.35836794954530038 0 0.93358042649720174 -0.10000000000000001 0 1 0 0.089591987386325095 -0.93358042649720174 0 0.35836794954530038
24 R 0.23776412907378838 0.30901699437494745 0 0.95105651629515353 -0.10000000000000001 0 1 0 0.077254248593736863 -0.95105651629515353 0 0.30901699437494745
25 R 0.24148145657226705 0.25881904510252096 0 0.9659258262890682 -0.10000000000000001 0 1 0 0.06470476127563024 -0.9659258262890682 0 0.25881904510252096
26 R 0.24453690018345139 0.20791169081775945 0 0.97814760073380558 -0.10000000000000001 0 1 0 0.051977922704439863 -0.97814760073380558 0 0.20791169081775945
27 R 0.24692208514878444 0.15643446504023092 0 0.98768834059513777 -0.10000000000000001 0 1 0 0.039108616260057731 -0.98768834059513777 0 0.15643446504023092
28 R 0.24863047384206832 0.10452846326765368 0 0.99452189536827329 -0.10000000000000001 0 1 0 0.02613211581691342 -0.99452189536827329 0 0.10452846326765368
29 R 0.24965738368864346 0.052335956242943966 0 0.99862953475457383 -0.10000000000000001 0 1 0 0.013083989060735992 -0.99862953475457383 0 0.052335956242943966
30 R 0.25 6.123233995736766e-17 0 1 -0.10000000000000001 0 1 0 1.5308084989341915e-17 -1 0 6.123233995736766e-17
31 R 0.24965738368864346 -0.05233595624294362 0 0.99862953475457383 -0.10000000000000001 0 1 0 -0.013083989060735905 -0.99862953475457383 0 -0.05233595624294362
32 R 0.24863047384206835 -0.10452846326765333 0 0.9945218953682734 -0.10000000000000001 0 1 0 -0.026132115816913333 -0.9945218953682734 0 -0.10452846326765333
33 R 0.24692208514878444 -0.15643446504023081 0 0.98768834059513777 -0.10000000000000001 0 1 0 -0.039108616260057703 -0.98768834059513777 0 -0.15643446504023081
34 R 0.24453690018345142 -0.20791169081775912 0 0.97814760073380569 -0.10000000000000001 0 1 0 -0.05197792270443978 -0.97814760073380569 0 -0.20791169081775912
35 R 0.24148145657226708 -0.25881904510252063 0 0.96592582628906831 -0.10000000000000001 0 1 0 -0.064704761275630157 -0.96592582628906831 0 -0.25881904510252063
36 R 0.23776412907378841 -0.30901699437494734 0 0.95105651629515364 -0.10000000000000001 0 1 0 -0.077254248593736835 -0.95105651629515364 0 -0.30901699437494734
37 R 0.23339510662430046 -0.35836794954530005 0 0.93358042649720185 -0.10000000000000001 0 1 0 -0.089591987386325012 -0.93358042649720185 0 -0.35836794954530005
38 R 0.22838636441065024 -0.40673664307580004 0 0.91354545764260098 -0.10000000000000001 0 1 0 -0.10168416076895001 -0.91354545764260098 0 -0.40673664307580004
39 R 0.22275163104709197 -0.45399049973954669 0 0.8910065241883679 -0.10000000000000001 0 1 0 -0.11349762493488667 -0.8910065241883679 0 -0.45399049973954669
40 R 0.21650635094610968 -0.49999999999999978 0 0.86602540378443871 -0.10000000000000001 0 1 0 -0.12499999999999994 -0.86602540378443871 0 -0.49999999999999978
41 R 0.20966764198635607 -0.54463903501502675 0 0.83867056794542427 -0.10000000000000001 0 1 0 -0.13615975875375669 -0.83867056794542427 0 -0.54463903501502675
42 R 0.20225424859373686 -0.58778525229247303 0 0.80901699437494745 -0.10000000000000001 0 1 0 -0.14694631307311826 -0.80901699437494745 0 -0.58778525229247303
43 R 0.19428649036424275 -0.62932039104983728 0 0.77714596145697101 -0.10000000000000001 0 1 0 -0.15733009776245932 -0.77714596145697101 0 -0.62932039104983728
44 R 0.18578620636934862 -0.6691306063588579 0 0.74314482547739447 -0.10000000000000001 0 1 0 -0.16728265158971448 -0.74314482547739447 0 -0.6691306063588579
45 R 0.17677669529663689 -0.70710678118654746 0 0.70710678118654757 -0.10000000000000001 0 1 0 -0.17677669529663687 -0.70710678118654757 0 -0.70710678118654746
46 R 0.16728265158971459 -0.74314482547739402 0 0.66913060635885835 -0.10000000000000001 0 1 0 -0.18578620636934851 -0.66913060635885835 0 -0.74314482547739402
47 R 0.15733009776245943 -0.77714596145697068 0 0.62932039104983772 -0.10000000000000001 0 1 0 -0.19428649036424267 -0.62932039104983772 0 -0.77714596145697068
48 R 0.14694631307311831 -0.80901699437494734 0 0.58778525229247325 -0.10000000000000001 0 1 0 -0.20225424859373684 -0.58778525229247325 0 -0.80901699437494734
49 R 0.13615975875375683 -0.83867056794542394 0 0.54463903501502731 -0.10000000000000001 0 1 0 -0.20966764198635598 -0.54463903501502731 0 -0.83867056794542394
50 R 0.12500000000000008 -0.86602540378443849 0 0.50000000000000033 -0.10000000000000001 0 1 0 -0.21650635094610962 -0.50000000000000033 0 -0.86602540378443849
51 R 0.11349762493488671 -0.89100652418836779 0 0.45399049973954686 -0.10000000000000001 0 1 0 -0.22275163104709195 -0.45399049973954686 0 -0.89100652418836779
52 R 0.10168416076895011 -0.91354545764260076 0 0.40673664307580043 -0.10000000000000001 0 1 0 -0.22838636441065019 -0.40673664307580043 0 -0.91354545764260076
53 R 0.089591987386325164 -0.93358042649720163 0 0.35836794954530066 -0.10000000000000001 0 1 0 -0.23339510662430041 -0.35836794954530066 0 -0.93358042649720163
54 R 0.077254248593736877 -0.95105651629515353 0 0.30901699437494751 -0.10000000000000001 0 1 0 -0.23776412907378838 -0.30901699437494751 0 -0.95105651629515353
55 R 0.064704761275630254 -0.9659258262890682 0 0.25881904510252102 -0.10000000000000001 0 1 0 -0.24148145657226705 -0.25881904510252102 0 -0.9659258262890682
56 R 0.051977922704439933 -0.97814760073380558 0 0.20791169081775973 -0.10000000000000001 0 1 0 -0.24453690018345139 -0.20791169081775973 0 -0.97814760073380558
57 R 0.039108616260057745 -0.98768834059513766 0 0.15643446504023098 -0.10000000000000001 0 1 0 -0.24692208514878441 -0.15643446504023098 0 -0.98768834059513766
58 R 0.026132115816913434 -0.99452189536827329 0 0.10452846326765373 -0.10000000000000001 0 1 0 -0.24863047384206832 -0.10452846326765373 0 -0.99452189536827329
59 R 0.013083989060736063 -0.99862953475457383 0 0.052335956242944251 -0.10000000000000001 0 1 0 -0.24965738368864346 -0.052335956242944251 0 -0.99862953475457383
60 R 3.061616997868383e-17 -1 0 1.2246467991473532e-16 -0.10000000000000001 0 1 0 -0.25 -1.2246467991473532e-16 0 -1
61 R -0.013083989060735891 -0.99862953475457383 0 -0.052335956242943564 -0.10000000000000001 0 1 0 -0.24965738368864346 0.052335956242943564 0 -0.99862953475457383
62 R -0.026132115816913264 -0.9945218953682734 0 -0.10452846326765305 -0.10000000000000001 0 1 0 -0.24863047384206835 0.10452846326765305 0 -0.9945218953682734
63 R -0.039108616260057683 -0.98768834059513777 0 -0.15643446504023073 -0.10000000000000001 0 1 0 -0.24692208514878444 0.15643446504023073 0 -0.98768834059513777
64 R -0.051977922704439766 -0.97814760073380569 0 -0.20791169081775907 -0.10000000000000001 0 1 0 -0.24453690018345142 0.20791169081775907 0 -0.97814760073380569
65 R -0.064704761275630088 -0.96592582628906842 0 -0.25881904510252035 -0.10000000000000001 0 1 0 -0.24148145657226711 0.25881904510252035 0 -0.96592582628906842
66 R -0.077254248593736821 -0.95105651629515364 0 -0.30901699437494728 -0.10000000000000001 0 1 0 -0.23776412907378841 0.30901699437494728 0 -0.95105651629515364
67 R -0.089591987386324998 -0.93358042649720185 0 -0.35836794954529999 -0.10000000000000001 0 1 0 -0.23339510662430046 0.35836794954529999 0 -0.93358042649720185
68 R -0.10168416076894995 -0.91354545764260109 0 -0.40673664307579982 -0.10000000000000001 0 1 0 -0.22838636441065027 0.40673664307579982 0 -0.91354545764260109
69 R -0.11349762493488667 -0.8910065241883679 0 -0.45399049973954669 -0.10000000000000001 0 1 0 -0.22275163104709197 0.45399049973954669 0 -0.8910065241883679
70 R -0.12499999999999993 -0.86602540378443882 0 -0.49999999999999972 -0.10000000000000001 0 1 0 -0.2165063509461097 0.49999999999999972 0 -0.86602540378443882
71 R -0.13615975875375669 -0.83867056794542427 0 -0.54463903501502675 -0.10000000000000001 0 1 0 -0.20966764198635607 0.54463903501502675 0 -0.83867056794542427
72 R -0.14694631307311826 -0.80901699437494756 0 -0.58778525229247303 -0.10000000000000001 0 1 0 -0.20225424859373689 0.58778525229247303 0 -0.80901699437494756
73 R -0.15733009776245929 -0.77714596145697101 0 -0.62932039104983717 -0.10000000000000001 0 1 0 -0.19428649036424275 0.62932039104983717 0 -0.77714596145697101
74 R -0.16728265158971448 -0.74314482547739458 0 -0.6691306063588579 -0.10000000000000001 0 1 0 -0.18578620636934864 0.6691306063588579 0 -0.74314482547739458
75 R -0.17677669529663687 -0.70710678118654768 0 -0.70710678118654746 -0.10000000000000001 0 1 0 -0.17677669529663692 0.70710678118654746 0 -0.70710678118654768
76 R -0.18578620636934851 -0.66913060635885846 0 -0.74314482547739402 -0.10000000000000001 0 1 0 -0.16728265158971461 0.74314482547739402 0 -0.66913060635885846
77 R -0.19428649036424264 -0.62932039104983784 0 -0.77714596145697057 -0.10000000000000001 0 1 0 -0.15733009776245946 0.77714596145697057 0 -0.62932039104983784
78 R -0.20225424859373684 -0.58778525229247325 0 -0.80901699437494734 -0.10000000000000001 0 1 0 -0.14694631307311831 0.80901699437494734 0 -0.58778525229247325
79 R -0.2096676419863559 -0.54463903501502775 0 -0.83867056794542361 -0.10000000000000001 0 1 0 -0.13615975875375694 0.83867056794542361 0 -0.54463903501502775
80 R -0.21650635094610959 -0.50000000000000044 0 -0.86602540378443837 -0.10000000000000001 0 1 0 -0.12500000000000011 0.86602540378443837 0 -0.50000000000000044
81 R -0.22275163104709195 -0.45399049973954692 0 -0.89100652418836779 -0.10000000000000001 0 1 0 -0.11349762493488673 0.89100652418836779 0 -0.45399049973954692
82 R -0.22838636441065013 -0.40673664307580087 0 -0.91354545764260053 -0.10000000000000001 0 1 0 -0.10168416076895022 0.91354545764260053 0 -0.40673664307580087
83 R -0.23339510662430041 -0.35836794954530071 0 -0.93358042649720163 -0.10000000000000001 0 1 0 -0.089591987386325178 0.93358042649720163 0 -0.35836794954530071
84 R -0.23776412907378838 -0.30901699437494756 0 -0.95105651629515353 -0.10000000000000001 0 1 0 -0.077254248593736891 0.95105651629515353 0 -0.30901699437494756
85 R -0.24148145657226702 -0.25881904510252152 0 -0.96592582628906809 -0.10000000000000001 0 1 0 -0.064704761275630379 0.96592582628906809 0 -0.25881904510252152
86 R -0.24453690018345139 -0.20791169081775979 0 -0.97814760073380558 -0.10000000000000001 0 1 0 -0.051977922704439947 0.97814760073380558 0 -0.20791169081775979
87 R -0.24692208514878441 -0.15643446504023104 0 -0.98768834059513766 -0.10000000000000001 0 1 0 -0.039108616260057759 0.98768834059513766 0 -0.15643446504023104
88 R -0.24863047384206832 -0.10452846326765423 0 -0.99452189536827329 -0.10000000000000001 0 1 0 -0.026132115816913559 0.99452189536827329 0 -0.10452846326765423
89 R -0.24965738368864346 -0.052335956242944306 0 -0.99862953475457383 -0.10000000000000001 0 1 0 -0.013083989060736077 0.99862953475457383 0 -0.052335956242944306
90 R -0.25 -1.8369701987210297e-16 0 -1 -0.10000000000000001 0 1 0 -4.5924254968025742e-17 1 0 -1.8369701987210297e-16
91 R -0.24965738368864349 0.052335956242943057 0 -0.99862953475457394 -0.10000000000000001 0 1 0 0.013083989060735764 0.99862953475457394 0 0.052335956242943057
92 R -0.24863047384206835 0.10452846326765299 0 -0.9945218953682734 -0.10000000000000001 0 1 0 0.026132115816913246 0.9945218953682734 0 0.10452846326765299
93 R -0.24692208514878444 0.15643446504023067 0 -0.98768834059513777 -0.10000000000000001 0 1 0 0.039108616260057669 0.98768834059513777 0 0.15643446504023067
94 R -0.24453690018345145 0.20791169081775857 0 -0.9781476007338058 -0.10000000000000001 0 1 0 0.051977922704439641 0.9781476007338058 0 0.20791169081775857
95 R -0.24148145657226711 0.2588190451025203 0 -0.96592582628906842 -0.10000000000000001 0 1 0 0.064704761275630074 0.96592582628906842 0 0.2588190451025203
96 R -0.23776412907378841 0.30901699437494723 0 -0.95105651629515364 -0.10000000000000001 0 1 0 0.077254248593736807 0.95105651629515364 0 0.30901699437494723
97 R -0.23339510662430052 0.35836794954529955 0 -0.93358042649720208 -0.10000000000000001 0 1 0 0.089591987386324887 0.93358042649720208 0 0.35836794954529955
98 R -0.22838636441065027 0.40673664307579976 0 -0.91354545764260109 -0.10000000000000001 0 1 0 0.10168416076894994 0.91354545764260109 0 0.40673664307579976
99 R -0.222751631047092 0.45399049973954664 0 -0.89100652418836801 -0.10000000000000001 0 1 0 0.11349762493488666 0.89100652418836801 0 0.45399049973954664
100 R -0.21650635094610976 0.49999999999999933 0 -0.86602540378443904 -0.10000000000000001 0 1 0 0.12499999999999983 0.86602540378443904 0 0.49999999999999933
101 R -0.20966764198635607 0.54463903501502664 0 -0.83867056794542427 -0.10000000000000001 0 1 0 0.13615975875375666 0.83867056794542427 0 0.54463903501502664
102 R -0.20225424859373689 0.58778525229247292 0 -0.80901699437494756 -0.10000000000000001 0 1 0 0.14694631307311823 0.80901699437494756 0 0.58778525229247292
103 R -0.19428649036424284 0.62932039104983684 0 -0.77714596145697135 -0.10000000000000001 0 1 0 0.15733009776245921 0.77714596145697135 0 0.62932039104983684
104 R -0.18578620636934864 0.66913060635885779 0 -0.74314482547739458 -0.10000000000000001 0 1 0 0.16728265158971445 0.74314482547739458 0 0.66913060635885779
105 R -0.17677669529663692 0.70710678118654735 0 -0.70710678118654768 -0.10000000000000001 0 1 0 0.17677669529663684 0.70710678118654768 0 0.70710678118654735
106 R -0.1672826515897147 0.74314482547739369 0 -0.66913060635885879 -0.10000000000000001 0 1 0 0.18578620636934842 0.66913060635885879 0 0.74314482547739369
107 R -0.15733009776245946 0.77714596145697057 0 -0.62932039104983784 -0.10000000000000001 0 1 0 0.19428649036424264 0.62932039104983784 0 0.77714596145697057
108 R -0.14694631307311834 0.80901699437494734 0 -0.58778525229247336 -0.10000000000000001 0 1 0 0.20225424859373684 0.58778525229247336 0 0.80901699437494734
109 R -0.13615975875375694 0.83867056794542361 0 -0.54463903501502775 -0.10000000000000001 0 1 0 0.2096676419863559 0.54463903501502775 0 0.83867056794542361
110 R -0.12500000000000011 0.86602540378443837 0 -0.50000000000000044 -0.10000000000000001 0 1 0 0.21650635094610959 0.50000000000000044 0 0.86602540378443837
111 R -0.11349762493488674 0.89100652418836779 0 -0.45399049973954697 -0.10000000000000001 0 1 0 0.22275163104709195 0.45399049973954697 0 0.89100652418836779
112 R -0.10168416076895023 0.91354545764260053 0 -0.40673664307580093 -0.10000000000000001 0 1 0 0.22838636441065013 0.40673664307580093 0 0.91354545764260053
113 R -0.089591987386325192 0.93358042649720152 0 -0.35836794954530077 -0.10000000000000001 0 1 0 0.23339510662430038 0.35836794954530077 0 0.93358042649720152
114 R -0.077254248593736904 0.95105651629515353 0 -0.30901699437494762 -0.10000000000000001 0 1 0 0.23776412907378838 0.30901699437494762 0 0.95105651629515353
115 R -0.064704761275630393 0.96592582628906809 0 -0.25881904510252157 -0.10000000000000001 0 1 0 0.24148145657226702 0.25881904510252157 0 0.96592582628906809
116 R -0.051977922704439967 0.97814760073380558 0 -0.20791169081775987 -0.10000000000000001 0 1 0 0.24453690018345139 0.20791169081775987 0 0.97814760073380558
117 R -0.03910861626005778 0.98768834059513766 0 -0.15643446504023112 -0.10000000000000001 0 1 0 0.24692208514878441 0.15643446504023112 0 0.98768834059513766
118 R -0.026132115816913576 0.99452189536827329 0 -0.1045284632676543 -0.10000000000000001 0 1 0 0.24863047384206832 0.1045284632676543 0 0.99452189536827329
119 R -0.013083989060736092 0.99862953475457383 0 -0.052335956242944369 -0.10000000000000001 0 1 0 0.24965738368864346 0.052335956242944369 0 0.99862953475457383
120 R 0 1 0 0 -0.03333333333333334 0 1 0 0.25 -0 0 1
121 R 0.013083989060735957 0.99862953475457383 0 0.052335956242943828 -0.03333333333333334 0 1 0 0.24965738368864346 -0.052335956242943828 0 0.99862953475457383
122 R 0.026132115816913364 0.99452189536827329 0 0.10452846326765346 -0.03333333333333334 0 1 0 0.24863047384206832 -0.10452846326765346 0 0.99452189536827329
123 R 0.039108616260057717 0.98768834059513777 0 0.15643446504023087 -0.03333333333333334 0 1 0 0.24692208514878444 -0.15643446504023087 0 0.98768834059513777
124 R 0.051977922704439829 0.97814760073380569 0 0.20791169081775931 -0.03333333333333334 0 1 0 0.24453690018345142 -0.20791169081775931 0 0.97814760073380569
125 R 0.064704761275630185 0.96592582628906831 0 0.25881904510252074 -0.03333333333333334 0 1 0 0.24148145657226708 -0.25881904510252074 0 0.96592582628906831
126 R 0.077254248593736849 0.95105651629515353 0 0.3090169943749474 -0.03333333333333334 0 1 0 0.23776412907378838 -0.3090169943749474 0 0.95105651629515353
127 R 0.089591987386325053 0.93358042649720174 0 0.35836794954530021 -0.03333333333333334 0 1 0 0.23339510662430044 -0.35836794954530021 0 0.93358042649720174
128 R 0.10168416076895004 0.91354545764260087 0 0.40673664307580015 -0.03333333333333334 0 1 0 0.22838636441065022 -0.40673664307580015 0 0.91354545764260087
129 R 0.11349762493488669 0.8910065241883679 0 0.45399049973954675 -0.03333333333333334 0 1 0 0.22275163104709197 -0.45399049973954675 0 0.8910065241883679
130 R 0.12499999999999999 0.86602540378443871 0 0.49999999999999994 -0.03333333333333334 0 1 0 0.21650635094610968 -0.49999999999999994 0 0.86602540378443871
131 R 0.13615975875375674 0.83867056794542405 0 0.54463903501502697 -0.03333333333333334 0 1 0 0.20966764198635601 -0.54463903501502697 0 0.83867056794542405
132 R 0.14694631307311828 0.80901699437494745 0 0.58778525229247314 -0.03333333333333334 0 1 0 0.20225424859373686 -0.58778525229247314 0 0.80901699437494745
133 R 0.15733009776245935 0.7771459614569709 0 0.62932039104983739 -0.03333333333333334 0 1 0 0.19428649036424273 -0.62932039104983739 0 0.7771459614569709
134 R 0.16728265158971453 0.74314482547739436 0 0.66913060635885813 -0.03333333333333334 0 1 0 0.18578620636934859 -0.66913060635885813 0 0.74314482547739436
135 R 0.17677669529663687 0.70710678118654757 0 0.70710678118654746 -0.03333333333333334 0 1 0 0.17677669529663689 -0.70710678118654746 0 0.70710678118654757
136 R 0.18578620636934853 0.66913060635885824 0 0.74314482547739413 -0.03333333333333334 0 1 0 0.16728265158971456 -0.74314482547739413 0 0.66913060635885824
137 R 0.1942864903642427 0.6293203910498375 0 0.77714596145697079 -0.03333333333333334 0 1 0 0.15733009776245938 -0.77714596145697079 0 0.6293203910498375
138 R 0.20225424859373686 0.58778525229247314 0 0.80901699437494745 -0.03333333333333334 0 1 0 0.14694631307311828 -0.80901699437494745 0 0.58778525229247314
139 R 0.20966764198635598 0.5446390350150272 0 0.83867056794542394 -0.03333333333333334 0 1 0 0.1361597587537568 -0.83867056794542394 0 0.5446390350150272
140 R 0.21650635094610965 0.50000000000000011 0 0.8660254037844386 -0.03333333333333334 0 1 0 0.12500000000000003 -0.8660254037844386 0 0.50000000000000011
141 R 0.22275163104709195 0.4539904997395468 0 0.89100652418836779 -0.03333333333333334 0 1 0 0.1134976249348867 -0.89100652418836779 0 0.4539904997395468
142 R 0.22838636441065022 0.40673664307580037 0 0.91354545764260087 -0.03333333333333334 0 1 0 0.10168416076895009 -0.91354545764260087 0 0.40673664307580037
143 R 0.23339510662430044 0.35836794954530038 0 0.93358042649720174 -0.03333333333333334 0 1 0 0.089591987386325095 -0.93358042649720174 0 0.35836794954530038
144 R 0.23776412907378838 0.30901699437494745 0 0.95105651629515353 -0.03333333333333334 0 1 0 0.077254248593736863 -0.95105651629515353 0 0.30901699437494745
145 R 0.24148145657226705 0.25881904510252096 0 0.9659258262890682 -0.03333333333333334 0 1 0 0.06470476127563024 -0.9659258262890682 0 0.25881904510252096
146 R 0.24453690018345139 0.20791169081775945 0 0.97814760073380558 -0.03333333333333334 0 1 0 0.051977922704439863 -0.97814760073380558 0 0.20791169081775945
147 R 0.24692208514878444 0.15643446504023092 0 0.98768834059513777 -0.03333333333333334 0 1 0 0.039108616260057731 -0.98768834059513777 0 0.15643446504023092
148 R 0.24863047384206832 0.10452846326765368 0 0.99452189536827329 -0.03333333333333334 0 1 0 0.02613211581691342 -0.99452189536827329 0 0.10452846326765368
149 R 0.24965738368864346 0.052335956242943966 0 0.99862953475457383 -0.03333333333333334 0 1 0 0.013083989060735992 -0.99862953475457383 0 0.052335956242943966
150 R 0.25 6.123233995736766e-17 0 1 -0.03333333333333334 0 1 0 1.5308084989341915e-17 -1 0 6.123233995736766e-17
151 R 0.24965738368864346 -0.05233595624294362 0 0.99862953475457383 -0.03333333333333334 0 1 0 -0.013083989060735905 -0.99862953475457383 0 -0.05233595624294362
152 R 0.24863047384206835 -0.10452846326765333 0 0.9945218953682734 -0.03333333333333334 0 1 0 -0.026132115816913333 -0.9945218953682734 0 -0.10452846326765333
153 R 0.24692208514878444 -0.15643446504023081 0 0.98768834059513777 -0.03333333333333334 0 1 0 -0.039108616260057703 -0.98768834059513777 0 -0.15643446504023081
154 R 0.24453690018345142 -0.20791169081775912 0 0.97814760073380569 -0.03333333333333334 0 1 0 -0.05197792270443978 -0.97814760073380569 0 -0.20791169081775912
155 R 0.24148145657226708 -0.25881904510252063 0 0.96592582628906831 -0.03333333333333334 0 1 0 -0.064704761275630157 -0.96592582628906831 0 -0.25881904510252063
156 R 0.23776412907378841 -0.30901699437494734 0 0.95105651629515364 -0.03333333333333334 0 1 0 -0.077254248593736835 -0.95105651629515364 0 -0.30901699437494734
157 R 0.23339510662430046 -0.35836794954530005 0 0.93358042649720185 -0.03333333333333334 0 1 0 -0.089591987386325012 -0.93358042649720185 0 -0.35836794954530005
158 R 0.22838636441065024 -0.40673664307580004 0 0.91354545764260098 -0.03333333333333334 0 1 0 -0.10168416076895001 -0.91354545764260098 0 -0.40673664307580004
159 R 0.22275163104709197 -0.45399049973954669 0 0.8910065241883679 -0.03333333333333334 0 1 0 -0.11349762493488667 -0.8910065241883679 0 -0.45399049973954669
160 R 0.21650635094610968 -0.49999999999999978 0 0.86602540378443871 -0.03333333333333334 0 1 0 -0.12499999999999994 -0.86602540378443871 0 -0.49999999999999978
161 R 0.20966764198635607 -0.54463903501502675 0 0.83867056794542427 -0.03333333333333334 0 1 0 -0.13615975875375669 -0.83867056794542427 0 -0.54463903501502675
162 R 0.20225424859373686 -0.58778525229247303 0 0.80901699437494745 -0.03333333333333334 0 1 0 -0.14694631307311826 -0.80901699437494745 0 -0.58778525229247303
163 R 0.19428649036424275 -0.62932039104983728 0 0.77714596145697101 -0.03333333333333334 0 1 0 -0.15733009776245932 -0.77714596145697101 0 -0.62932039104983728
164 R 0.18578620636934862 -0.6691306063588579 0 0.74314482547739447 -0.03333333333333334 0 1 0 -0.16728265158971448 -0.74314482547739447 0 -0.6691306063588579
165 R 0.17677669529663689 -0.70710678118654746 0 0.70710678118654757 -0.03333333333333334 0 1 0 -0.17677669529663687 -0.70710678118654757 0 -0.70710678118654746
166 R 0.16728265158971459 -0.74314482547739402 0 0.66913060635885835 -0.03333333333333334 0 1 0 -0.18578620636934851 -0.66913060635885835 0 -0.74314482547739402
167 R 0.15733009776245943 -0.77714596145697068 0 0.62932039104983772 -0.03333333333333334 0 1 0 -0.19428649036424267 -0.62932039104983772 0 -0.77714596145697068
168 R 0.14694631307311831 -0.80901699437494734 0 0.58778525229247325 -0.03333333333333334 0 1 0 -0.20225424859373684 -0.58778525229247325 0 -0.80901699437494734
169 R 0.13615975875375683 -0.83867056794542394 0 0.54463903501502731 -0.03333333333333334 0 1 0 -0.20966764198635598 -0.54463903501502731 0 -0.83867056794542394
170 R 0.12500000000000008 -0.86602540378443849 0 0.50000000000000033 -0.03333333333333334 0 1 0 -0.21650635094610962 -0.50000000000000033 0 -0.86602540378443849
171 R 0.11349762493488671 -0.89100652418836779 0 0.45399049973954686 -0.03333333333333334 0 1 0 -0.22275163104709195 -0.45399049973954686 0 -0.89100652418836779
172 R 0.10168416076895011 -0.91354545764260076 0 0.40673664307580043 -0.03333333333333334 0 1 0 -0.22838636441065019 -0.40673664307580043 0 -0.91354545764260076
173 R 0.089591987386325164 -0.93358042649720163 0 0.35836794954530066 -0.03333333333333334 0 1 0 -0.23339510662430041 -0.35836794954530066 0 -0.93358042649720163
174 R 0.077254248593736877 -0.95105651629515353 0 0.30901699437494751 -0.03333333333333334 0 1 0 -0.23776412907378838 -0.30901699437494751 0 -0.95105651629515353
175 R 0.064704761275630254 -0.9659258262890682 0 0.25881904510252102 -0.03333333333333334 0 1 0 -0.24148145657226705 -0.25881904510252102 0 -0.9659258262890682
176 R 0.051977922704439933 -0.97814760073380558 0 0.20791169081775973 -0.03333333333333334 0 1 0 -0.24453690018345139 -0.20791169081775973 0 -0.97814760073380558
177 R 0.039108616260057745 -0.98768834059513766 0 0.15643446504023098 -0.03333333333333334 0 1 0 -0.24692208514878441 -0.15643446504023098 0 -0.98768834059513766
178 R 0.026132115816913434 -0.99452189536827329 0 0.10452846326765373 -0.03333333333333334 0 1 0 -0.24863047384206832 -0.10452846326765373 0 -0.99452189536827329
179 R 0.013083989060736063 -0.99862953475457383 0 0.052335956242944251 -0.03333333333333334 0 1 0 -0.24965738368864346 -0.052335956242944251 0 -0.99862953475457383
180 R 3.061616997868383e-17 -1 0 1.2246467991473532e-16 -0.03333333333333334 0 1 0 -0.25 -1.2246467991473532e-16 0 -1
181 R -0.013083989060735891 -0.99862953475457383 0 -0.052335956242943564 -0.03333333333333334 0 1 0 -0.24965738368864346 0.052335956242943564 0 -0.99862953475457383
182 R -0.026132115816913264 -0.9945218953682734 0 -0.10452846326765305 -0.03333333333333334 0 1 0 -0.24863047384206835 0.10452846326765305 0 -0.9945218953682734
183 R -0.039108616260057683 -0.98768834059513777 0 -0.15643446504023073 -0.03333333333333334 0 1 0 -0.24692208514878444 0.15643446504023073 0 -0.98768834059513777
184 R -0.051977922704439766 -0.97814760073380569 0 -0.20791169081775907 -0.03333333333333334 0 1 0 -0.24453690018345142 0.20791169081775907 0 -0.97814760073380569
185 R -0.064704761275630088 -0.96592582628906842 0 -0.25881904510252035 -0.03333333333333334 0 1 0 -0.24148145657226711 0.25881904510252035 0 -0.96592582628906842
186 R -0.077254248593736821 -0.95105651629515364 0 -0.30901699437494728 -0.03333333333333334 0 1 0 -0.23776412907378841 0.30901699437494728 0 -0.95105651629515364
187 R -0.089591987386324998 -0.93358042649720185 0 -0.35836794954529999 -0.03333333333333334 0 1 0 -0.23339510662430046 0.35836794954529999 0 -0.93358042649720185
188 R -0.10168416076894995 -0.91354545764260109 0 -0.40673664307579982 -0.03333333333333334 0 1 0 -0.22838636441065027 0.40673664307579982 0 -0.91354545764260109
189 R -0.11349762493488667 -0.8910065241883679 0 -0.45399049973954669 -0.03333333333333334 0 1 0 -0.22275163104709197 0.45399049973954669 0 -0.8910065241883679
190 R -0.12499999999999993 -0.86602540378443882 0 -0.49999999999999972 -0.03333333333333334 0 1 0 -0.2165063509461097 0.49999999999999972 0 -0.86602540378443882
191 R -0.13615975875375669 -0.83867056794542427 0 -0.54463903501502675 -0.03333333333333334 0 1 0 -0.20966764198635607 0.54463903501502675 0 -0.83867056794542427
192 R -0.14694631307311826 -0.80901699437494756 0 -0.58778525229247303 -0.03333333333333334 0 1 0 -0.20225424859373689 0.58778525229247303 0 -0.80901699437494756
193 R -0.15733009776245929 -0.77714596145697101 0 -0.62932039104983717 -0.03333333333333334 0 1 0 -0.19428649036424275 0.62932039104983717 0 -0.77714596145697101
194 R -0.16728265158971448 -0.74314482547739458 0 -0.6691306063588579 -0.03333333333333334 0 1 0 -0.18578620636934864 0.6691306063588579 0 -0.74314482547739458
195 R -0.17677669529663687 -0.70710678118654768 0 -0.70710678118654746 -0.03333333333333334 0 1 0 -0.17677669529663692 0.70710678118654746 0 -0.70710678118654768
196 R -0.18578620636934851 -0.66913060635885846 0 -0.74314482547739402 -0.03333333333333334 0 1 0 -0.16728265158971461 0.74314482547739402 0 -0.66913060635885846
197 R -0.19428649036424264 -0.62932039104983784 0 -0.77714596145697057 -0.03333333333333334 0 1 0 -0.15733009776245946 0.77714596145697057 0 -0.62932039104983784
198 R -0.20225424859373684 -0.58778525229247325 0 -0.80901699437494734 -0.03333333333333334 0 1 0 -0.14694631307311831 0.80901699437494734 0 -0.58778525229247325
199 R -0.2096676419863559 -0.54463903501502775 0 -0.83867056794542361 -0.03333333333333334 0 1 0 -0.13615975875375694 0.83867056794542361 0 -0.54463903501502775
200 R -0.21650635094610959 -0.50000000000000044 0 -0.86602540378443837 -0.03333333333333334 0 1 0 -0.12500000000000011 0.86602540378443837 0 -0.50000000000000044
201 R -0.22275163104709195 -0.45399049973954692 0 -0.89100652418836779 -0.03333333333333334 0 1 0 -0.11349762493488673 0.89100652418836779 0 -0.45399049973954692
202 R -0.22838636441065013 -0.40673664307580087 0 -0.91354545764260053 -0.03333333333333334 0 1 0 -0.10168416076895022 0.91354545764260053 0 -0.40673664307580087
203 R -0.23339510662430041 -0.35836794954530071 0 -0.93358042649720163 -0.03333333333333334 0 1 0 -0.089591987386325178 0.93358042649720163 0 -0.35836794954530071
204 R -0.23776412907378838 -0.30901699437494756 0 -0.95105651629515353 -0.03333333333333334 0 1 0 -0.077254248593736891 0.95105651629515353 0 -0.30901699437494756
205 R -0.24148145657226702 -0.25881904510252152 0 -0.96592582628906809 -0.03333333333333334 0 1 0 -0.064704761275630379 0.96592582628906809 0 -0.25881904510252152
206 R -0.24453690018345139 -0.20791169081775979 0 -0.97814760073380558 -0.03333333333333334 0 1 0 -0.051977922704439947 0.97814760073380558 0 -0.20791169081775979
207 R -0.24692208514878441 -0.15643446504023104 0 -0.98768834059513766 -0.03333333333333334 0 1 0 -0.039108616260057759 0.98768834059513766 0 -0.15643446504023104
208 R -0.24863047384206832 -0.10452846326765423 0 -0.99452189536827329 -0.03333333333333334 0 1 0 -0.026132115816913559 0.99452189536827329 0 -0.10452846326765423
209 R -0.24965738368864346 -0.052335956242944306 0 -0.99862953475457383 -0.03333333333333334 0 1 0 -0.013083989060736077 0.99862953475457383 0 -0.052335956242944306
210 R -0.25 -1.8369701987210297e-16 0 -1 -0.03333333333333334 0 1 0 -4.5924254968025742e-17 1 0 -1.8369701987210297e-16
211 R -0.24965738368864349 0.052335956242943057 0 -0.99862953475457394 -0.03333333333333334 0 1 0 0.013083989060735764 0.99862953475457394 0 0.052335956242943057
212 R -0.24863047384206835 0.10452846326765299 0 -0.9945218953682734 -0.03333333333333334 0 1 0 0.026132115816913246 0.9945218953682734 0 0.10452846326765299
213 R -0.24692208514878444 0.15643446504023067 0 -0.98768834059513777 -0.03333333333333334 0 1 0 0.039108616260057669 0.98768834059513777 0 0.15643446504023067
214 R -0.24453690018345145 0.20791169081775857 0 -0.9781476007338058 -0.03333333333333334 0 1 0 0.051977922704439641 0.9781476007338058 0 0.20791169081775857
215 R -0.24148145657226711 0.2588190451025203 0 -0.96592582628906842 -0.03333333333333334 0 1 0 0.064704761275630074 0.96592582628906842 0 0.2588190451025203
216 R -0.23776412907378841 0.30901699437494723 0 -0.95105651629515364 -0.03333333333333334 0 1 0 0.077254248593736807 0.95105651629515364 0 0.30901699437494723
217 R -0.23339510662430052 0.35836794954529955 0 -0.93358042649720208 -0.03333333333333334 0 1 0 0.089591987386324887 0.93358042649720208 0 0.35836794954529955
218 R -0.22838636441065027 0.40673664307579976 0 -0.91354545764260109 -0.03333333333333334 0 1 0 0.10168416076894994 0.91354545764260109 0 0.40673664307579976
219 R -0.222751631047092 0.45399049973954664 0 -0.89100652418836801 -0.03333333333333334 0 1 0 0.11349762493488666 0.89100652418836801 0 0.45399049973954664
220 R -0.21650635094610976 0.49999999999999933 0 -0.86602540378443904 -0.03333333333333334 0 1 0 0.12499999999999983 0.86602540378443904 0 0.49999999999999933
221 R -0.20966764198635607 0.54463903501502664 0 -0.83867056794542427 -0.03333333333333334 0 1 0 0.13615975875375666 0.83867056794542427 0 0.54463903501502664
222 R -0.20225424859373689 0.58778525229247292 0 -0.80901699437494756 -0.03333333333333334 0 1 0 0.14694631307311823 0.80901699437494756 0 0.58778525229247292
223 R -0.19428649036424284 0.62932039104983684 0 -0.77714596145697135 -0.03333333333333334 0 1 0 0.15733009776245921 0.77714596145697135 0 0.62932039104983684
224 R -0.18578620636934864 0.66913060635885779 0 -0.74314482547739458 -0.03333333333333334 0 1 0 0.16728265158971445 0.74314482547739458 0 0.66913060635885779
225 R -0.17677669529663692 0.70710678118654735 0 -0.70710678118654768 -0.03333333333333334 0 1 0 0.17677669529663684 0.70710678118654768 0 0.70710678118654735
226 R -0.1672826515897147 0.74314482547739369 0 -0.66913060635885879 -0.03333333333333334 0 1 0 0.18578620636934842 0.66913060635885879 0 0.74314482547739369
227 R -0.15733009776245946 0.77714596145697057 0 -0.62932039104983784 -0.03333333333333334 0 1 0 0.19428649036424264 0.62932039104983784 0 0.77714596145697057
228 R -0.14694631307311834 0.80901699437494734 0 -0.58778525229247336 -0.03333333333333334 0 1 0 0.20225424859373684 0.58778525229247336 0 0.80901699437494734
229 R -0.13615975875375694 0.83867056794542361 0 -0.54463903501502775 -0.03333333333333334 0 1 0 0.2096676419863559 0.54463903501502775 0 0.83867056794542361
230 R -0.12500000000000011 0.86602540378443837 0 -0.50000000000000044 -0.03333333333333334 0 1 0 0.21650635094610959 0.50000000000000044 0 0.86602540378443837
231 R -0.11349762493488674 0.89100652418836779 0 -0.45399049973954697 -0.03333333333333334 0 1 0 0.22275163104709195 0.45399049973954697 0 0.89100652418836779
232 R -0.10168416076895023 0.91354545764260053 0 -0.40673664307580093 -0.03333333333333334 0 1 0 0.22838636441065013 0.40673664307580093 0 0.91354545764260053
233 R -0.089591987386325192 0.93358042649720152 0 -0.35836794954530077 -0.03333333333333334 0 1 0 0.23339510662430038 0.35836794954530077 0 0.93358042649720152
234 R -0.077254248593736904 0.95105651629515353 0 -0.30901699437494762 -0.03333333333333334 0 1 0 0.23776412907378838 0.30901699437494762 0 0.95105651629515353
235 R -0.064704761275630393 0.96592582628906809 0 -0.25881904510252157 -0.03333333333333334 0 1 0 0.24148145657226702 0.25881904510252157 0 0.96592582628906809
236 R -0.051977922704439967 0.97814760073380558 0 -0.20791169081775987 -0.03333333333333334 0 1 0 0.24453690018345139 0.20791169081775987 0 0.97814760073380558
237 R -0.03910861626005778 0.98768834059513766 0 -0.15643446504023112 -0.03333333333333334 0 1 0 0.24692208514878441 0.15643446504023112 0 0.98768834059513766
238 R -0.026132115816913576 0.99452189536827329 0 -0.1045284632676543 -0.03333333333333334 0 1 0 0.24863047384206832 0.1045284632676543 0 0.99452189536827329
239 R -0.013083989060736092 0.99862953475457383 0 -0.052335956242944369 -0.03333333333333334 0 1 0 0.24965738368864346 0.052335956242944369 0 0.99862953475457383
240 R 0 1 0 0 0.033333333333333326 0 1 0 0.25 -0 0 1
241 R 0.013083989060735957 0.99862953475457383 0 0.052335956242943828 0.033333333333333326 0 1 0 0.24965738368864346 -0.052335956242943828 0 0.99862953475457383
242 R 0.026132115816913364 0.99452189536827329 0 0.10452846326765346 0.033333333333333326 0 1 0 0.24863047384206832 -0.10452846326765346 0 0.99452189536827329
243 R 0.039108616260057717 0.98768834059513777 0 0.15643446504023087 0.033333333333333326 0 1 0 0.24692208514878444 -0.15643446504023087 0 0.98768834059513777
244 R 0.051977922704439829 0.97814760073380569 0 0.20791169081775931 0.033333333333333326 0 1 0 0.24453690018345142 -0.20791169081775931 0 0.97814760073380569
245 R 0.064704761275630185 0.96592582628906831 0 0.25881904510252074 0.033333333333333326 0 1 0 0.24148145657226708 -0.25881904510252074 0 0.96592582628906831
246 R 0.077254248593736849 0.95105651629515353 0 0.3090169943749474 0.033333333333333326 0 1 0 0.23776412907378838 -0.3090169943749474 0 0.95105651629515353
247 R 0.089591987386325053 0.93358042649720174 0 0.35836794954530021 0.033333333333333326 0 1 0 0.23339510662430044 -0.35836794954530021 0 0.93358042649720174
248 R 0.10168416076895004 0.91354545764260087 0 0.40673664307580015 0.033333333333333326 0 1 0 0.22838636441065022 -0.40673664307580015 0 0.91354545764260087
249 R 0.11349762493488669 0.8910065241883679 0 0.45399049973954675 0.033333333333333326 0 1 0 0.22275163104709197 -0.45399049973954675 0 0.8910065241883679
250 R 0.12499999999999999 0.86602540378443871 0 0.49999999999999994 0.033333333333333326 0 1 0 0.21650635094610968 -0.49999999999999994 0 0.86602540378443871
251 R 0.13615975875375674 0.83867056794542405 0 0.54463903501502697 0.033333333333333326 0 1 0 0.20966764198635601 -0.54463903501502697 0 0.83867056794542405
